4294967278,412
4294967279,231
4294967278,2
4294967279,229
4294967278,411
4294967278,174
4294967279,227
4294967279,225
4294967278,410
4294967279,510
4294967278,387
4294967279,217
4294967278,229
4294967278,291
4294967278,225
4294967278,366
4294967278,287
4294967278,409
4294967278,260
4294967279,427
4294967278,382
4294967279,286
4294967278,0
4294967278,285
4294967279,318
4294967279,317
4294967278,344
4294967278,322
4294967294,1035
4294967294,1420
4294967294,83
4294967294,11
4294967294,68
4294967279,408
4294967279,316
4294967278,330
4294967278,324
4294967278,327
4294967279,314
4294967279,313
4294967279,312
4294967278,379
4294967279,277
4294967279,276
4294967279,285
4294967278,408
4294967279,410
4294967279,260
4294967278,407
4294967294,6
4294967278,359
4294967278,386
4294967279,283
4294967278,289
4294967278,385
4294967279,456
4294967278,406
4294967278,132
4294967278,131
4294967278,130
4294967278,129
4294967278,128
4294967278,127
4294967278,126
4294967278,125
4294967278,124
4294967278,123
4294967278,122
4294967278,121
4294967278,120
4294967278,119
4294967278,118
4294967278,117
4294967278,116
4294967278,115
4294967278,114
4294967278,113
4294967278,112
4294967278,111
4294967278,110
4294967278,109
4294967278,108
4294967278,107
4294967278,105
4294967278,104
4294967279,282
4294967278,355
4294967278,405
4294967279,506
4294967278,103
4294967278,102
4294967278,101
4294967279,278
4294967278,352
4294967278,100
4294967278,99
4294967278,98
4294967278,97
4294967278,96
4294967278,95
4294967278,94
4294967278,93
4294967278,92
4294967278,91
4294967278,90
4294967278,89
4294967278,87
4294967278,86
4294967278,85
4294967278,84
4294967278,83
4294967278,82
4294967278,81
4294967278,80
4294967278,79
4294967278,78
4294967278,77
4294967278,76
4294967278,75
4294967278,74
4294967278,73
4294967278,72
4294967278,71
4294967278,70
4294967278,69
4294967278,68
4294967278,67
4294967278,66
4294967278,65
4294967278,64
4294967278,63
4294967278,62
4294967278,61
4294967278,60
4294967278,59
4294967278,58
4294967279,0
4294967279,174
4294967279,80
4294967279,73
4294967279,68
4294967279,67
4294967279,65
4294967279,63
4294967279,61
4294967279,60
4294967279,59
4294967279,56
4294967279,52
4294967279,50
4294967279,48
4294967279,41
4294967279,39
4294967279,36
4294967279,34
4294967279,28
4294967279,27
4294967279,24
4294967279,22
4294967279,18
4294967279,17
4294967279,12
4294967279,11
4294967279,8
4294967279,7
4294967279,6
4294967279,5
4294967279,4
4294967278,404
4294967279,437
4294967278,403
4294967279,233
4294967278,231
4294967279,310
4294967278,335
4294967279,275
4294967278,227
4294967279,490
4294967278,334
4294967279,504
4294967278,106
4294967278,223
0,5
4294967279,223
4294967294,7
4294967278,333
4294967279,221
4294967279,219
4294967279,453
4294967279,215
4294967279,309
4294967279,308
4294967278,360
4294967279,268
4294967279,433
4294967278,239
4294967279,503
4294967279,431
4294967278,384
4294967279,261
4294967279,429
4294967278,321
4294967279,474
4294967278,350
4294967278,358
4294967279,489
4294967278,402
4294967279,502
4294967278,349
4294967279,307
4294967279,501
4294967279,306
4294967278,339
4294967279,511
4294967279,500
4294967278,337
4294967279,418
4294967278,336
4294967278,332
4294967279,416
4294967278,331
4294967278,217
4294967279,414
4294967279,473
4294967279,412
4294967278,401
4294967279,409
4294967278,340
4294967278,316
4294967279,407
4294967278,219
4294967278,313
4294967279,405
4294967278,306
4294967279,467
4294967278,215
4294967279,403
4294967279,488
4294967278,375
4294967279,401
4294967279,487
4294967279,305
4294967278,367
4294967279,390
4294967278,249
4294967279,484
4294967278,400
4294967279,388
4294967278,319
4294967279,478
4294967278,318
4294967294,474
4294967279,304
4294967279,303
4294967278,155
4294967279,302
4294967278,399
4294967279,458
4294967278,307
4294967278,303
4294967278,305
4294967278,302
4294967278,304
4294967279,256
4294967278,300
4294967278,243
4294967279,497
4294967278,301
4294967278,365
4294967278,294
4294967279,495
4294967278,137
4294967278,311
4294967279,494
4294967278,297
4294967278,383
4294967279,493
4294967278,292
4294967279,507
4294967278,279
4294967279,300
4294967279,299
4294967279,492
4294967278,286
4294967279,301
4294967278,298
4294967278,398
4294967278,397
4294967279,460
4294967278,376
4294967278,283
4294967279,491
4294967278,396
4294967278,277
4294967278,380
4294967279,479
4294967278,356
4294967279,455
4294967278,373
4294967279,454
4294967293,131
4294967293,130
4294967293,129
4294967293,128
4294967293,127
4294967293,126
4294967293,125
4294967293,124
4294967293,123
4294967293,122
4294967293,121
4294967293,120
4294967293,119
4294967293,118
4294967293,117
4294967293,116
4294967293,115
4294967293,114
4294967293,113
4294967293,112
4294967293,111
4294967293,110
4294967293,109
4294967293,108
4294967293,107
4294967293,106
4294967293,105
4294967293,104
4294967293,103
4294967293,102
4294967293,101
4294967293,100
4294967293,99
4294967293,98
4294967293,97
4294967293,96
4294967293,95
4294967293,94
4294967293,93
4294967293,92
4294967293,91
4294967293,90
4294967293,89
4294967293,87
4294967293,86
4294967293,85
4294967293,84
4294967293,83
4294967293,82
4294967293,81
4294967293,80
4294967293,79
4294967293,78
4294967293,77
4294967293,76
4294967293,75
4294967293,74
4294967293,73
4294967293,72
4294967293,71
4294967293,70
4294967293,69
4294967293,68
4294967293,67
4294967293,66
4294967293,65
